initial: 6
0.48840 0.51158 0.00001 0.00001 0.00000 0.00000

transition: 6
0.24967 0.40180 0.02730 0.31536 0.00320 0.00267
0.01738 0.49804 0.20883 0.00223 0.00252 0.27099
0.03276 0.00987 0.18779 0.75979 0.00524 0.00456
0.00192 0.01773 0.01713 0.24265 0.52526 0.19530
0.00001 0.00005 0.00001 0.00001 0.50183 0.49810
0.80997 0.00054 0.01453 0.17482 0.00014 0.00001

observation: 6
0.00039 0.29803 0.01686 0.09873 0.29921 0.09543
0.07692 0.40346 0.00502 0.09691 0.00006 0.09756
0.42271 0.19623 0.44785 0.29594 0.30224 0.00002
0.49996 0.10223 0.45691 0.40785 0.00002 0.00001
0.00002 0.00005 0.07336 0.10056 0.00012 0.80699
0.00000 0.00001 0.00000 0.00001 0.39836 0.00000
