initial: 6
0.79324 0.00001 0.05194 0.15481 0.00000 0.00000

transition: 6
0.24221 0.24579 0.37113 0.06087 0.00079 0.07920
0.08757 0.41269 0.46753 0.03213 0.00003 0.00005
0.12009 0.54556 0.00817 0.31860 0.00005 0.00753
0.06981 0.09265 0.00569 0.56173 0.00659 0.26353
0.10620 0.00029 0.00003 0.00003 0.64280 0.25065
0.09572 0.44585 0.01107 0.00005 0.31179 0.13553

observation: 6
0.93774 0.36176 0.19024 0.05833 0.02889 0.08705
0.01708 0.07062 0.52695 0.07801 0.11476 0.05787
0.03135 0.06319 0.27127 0.85977 0.12907 0.32020
0.01382 0.50442 0.01153 0.00388 0.08478 0.44621
0.00001 0.00002 0.00001 0.00001 0.03108 0.08865
0.00000 0.00000 0.00000 0.00001 0.61142 0.00003
