initial: 6
0.01015 0.15618 0.06982 0.19632 0.00000 0.56753

transition: 6
0.16871 0.53412 0.28725 0.00059 0.00274 0.00660
0.14169 0.46083 0.26169 0.08194 0.00006 0.05380
0.55664 0.04274 0.02522 0.36789 0.00221 0.00531
0.18843 0.02611 0.02772 0.57000 0.00144 0.18631
0.01246 0.10272 0.00004 0.00002 0.53847 0.34630
0.39507 0.01952 0.00006 0.00003 0.34752 0.23781

observation: 6
0.44462 0.56326 0.16415 0.09106 0.01525 0.09310
0.01009 0.11267 0.54480 0.07741 0.10004 0.07865
0.00997 0.18091 0.23166 0.18538 0.11069 0.33261
0.53476 0.14294 0.03588 0.00005 0.02719 0.39076
0.00055 0.00021 0.02350 0.64609 0.00646 0.10485
0.00001 0.00000 0.00001 0.00001 0.74038 0.00003
