initial: 6
0.77526 0.00001 0.07969 0.14504 0.00000 0.00000

transition: 6
0.33381 0.26693 0.29083 0.00455 0.00308 0.10080
0.21820 0.47880 0.27565 0.02690 0.00006 0.00039
0.06467 0.47006 0.00353 0.40896 0.00243 0.05035
0.05625 0.14811 0.07715 0.49076 0.00244 0.22530
0.10363 0.00306 0.00004 0.00003 0.57869 0.31456
0.16715 0.29012 0.00009 0.00002 0.31816 0.22446

observation: 6
0.69556 0.38073 0.22307 0.06528 0.02150 0.07665
0.01923 0.13626 0.48142 0.01094 0.10786 0.07101
0.25488 0.03682 0.25752 0.15783 0.14252 0.26728
0.02737 0.44406 0.00554 0.00026 0.01935 0.48897
0.00296 0.00213 0.03246 0.76568 0.01719 0.09429
0.00001 0.00000 0.00000 0.00001 0.69158 0.00181
